summary of max q:
GridWorld2room_7_7, gamma=0.85: 1.16
GridWorld2room_9_9, gamma=0.85: 1.06
GridWorld2room_11_11, gamma=0.85: 1.02



(1) RiverSwim

RiverSwim20: the optimal policy is always right when gamma>=0.96

*** RiverSwim6, gamma: 0.85 ***
optimal Q:
[[0.51479451 0.5477858 ]
 [0.46479451 0.79187851]
 [0.67227274 1.17417207]
 [0.99722194 1.74240044]
 [1.48021593 2.58455993]
 [2.19605146 3.83250183]]
optimal policy:
[1, 1, 1, 1, 1, 1]

*** RiverSwim20, gamma: 0.85 ***
optimal Q:
[[0.3327442  0.2657442 ]
 [0.2827442  0.2279192 ]
 [0.2402442  0.19364295]
 [0.2041192  0.16450813]
 [0.17341295 0.13974354]
 [0.14731263 0.11869364]
 [0.12512737 0.10080122]
 [0.10626989 0.08559267]
 [0.09024104 0.0726654 ]
 [0.07661651 0.07562204]
 [0.06503566 0.10677612]
 [0.09005401 0.15974218]
 [0.13498658 0.23918316]
 [0.20249215 0.3570331 ]
 [0.30265785 0.53169387]
 [0.45111669 0.79051909]
 [0.67111699 1.1740552 ]
 [0.99712227 1.74238824]
 [1.48020524 2.58455637]
 [2.19604812 3.83249871]]
optimal policy:
[0, 0, 0, 0, 0, 0, 0, 0, 0, 0, 1, 1, 1, 1, 1, 1, 1, 1, 1, 1]

*** RiverSwim20, gamma: 0.96 ***
optimal Q:
[[ 1.49895546  1.51031027]
 [ 1.44895546  1.67008842]
 [ 1.60234248  1.86648239]
 [ 1.79088069  2.08791104]
 [ 2.0034522   2.33553452]
 [ 2.24117074  2.61222646]
 [ 2.506795    2.92137404]
 [ 2.80357668  3.26678144]
 [ 3.13516778  3.65270126]
 [ 3.50565081  4.08388511]
 [ 3.91958731  4.56564195]
 [ 4.38207388  5.10390342]
 [ 4.89880489  5.70529687]
 [ 5.4761426   6.37722697]
 [ 6.12119549  7.12796687]
 [ 6.8419058   7.96676007]
 [ 7.64714727  8.90393422]
 [ 8.54683445  9.95102829]
 [ 9.55204477 11.12093466]
 [10.67515488 12.42805781]]
optimal policy:
[1, 1, 1, 1, 1, 1, 1, 1, 1, 1, 1, 1, 1, 1, 1, 1, 1, 1, 1, 1]

(2) GridWorld

*** GridWorld2room_7_7, gamma=0.85 ***
optimal Q:
[[0.1694326  0.19061189 0.16618144 0.19393456]
 [0.20395361 0.23658638 0.17802001 0.23492927]
 [0.23153616 0.28347941 0.21694232 0.21865512]
 [0.19199634 0.22570709 0.2294821  0.17489178]
 [0.15910772 0.1809899  0.1850951  0.16122368]
 [0.18080013 0.20197943 0.19038634 0.22959295]
 [0.22081945 0.25345222 0.20386112 0.29153433]
 [0.24849587 0.3708968  0.26303479 0.27387787]
 [0.20564088 0.23935162 0.28624117 0.20158978]
 [0.16949967 0.19138185 0.22193187 0.18623188]
 [0.34473799 0.48937362 0.40746225 0.42399203]
 [0.35603718 0.3840407  0.34720773 0.40655686]
 [0.43366734 0.47672328 0.37256168 0.50093207]
 [0.458404   0.59874286 0.44469852 0.61397041]
 [0.65561738 0.75091028 0.56616021 0.7582759 ]
 [0.77188917 0.91832685 0.69731603 0.80934467]
 [0.37104917 0.39905269 0.37921176 0.4536133 ]
 [0.45545068 0.49850661 0.40671605 0.57324383]
 [0.56478259 0.63094351 0.5120416  0.72507298]
 [0.70418912 0.79948202 0.64593439 0.91832685]
 [1.16436607 1.16436607 1.16436607 1.16436607]]
optimal policy:
[3, 1, 1, 2, 2, 3, 3, 1, 2, 2, 1, 3, 3, 3, 3, 1, 3, 3, 3, 3, 0]

*** GridWorld2room_7_7, gamma=0.96 ***
optimal Q:
[[1.51767701 1.56340323 1.51067412 1.57051137]
 [1.59026562 1.651778   1.5354321  1.64795143]
 [1.64091392 1.72748904 1.61399657 1.6138743 ]
 [1.56391917 1.6282761  1.63687245 1.52452309]
 [1.4914883  1.53932905 1.54935801 1.4960156 ]
 [1.54043119 1.58615741 1.56293266 1.63855607]
 [1.62028752 1.6817999  1.58994581 1.74331404]
 [1.67142567 1.85632095 1.69630427 1.71026313]
 [1.59010189 1.65445882 1.73264142 1.58155768]
 [1.51340715 1.5612479  1.62054933 1.55069074]
 [1.82326975 2.0026309  1.90887224 1.92937066]
 [1.84717676 1.88106375 1.83596643 1.91041389]
 [1.94232071 1.98790696 1.86721551 2.01543601]
 [1.96622231 2.10858792 1.95397496 2.12322806]
 [2.16063556 2.23618562 2.07835852 2.24308963]
 [2.2538825  2.35551541 2.19351954 2.2806848 ]
 [1.86403961 1.8979266  1.87469442 1.96084113]
 [1.96400255 2.0095888  1.90761481 2.08327294]
 [2.07504138 2.13636598 2.02453007 2.21448516]
 [2.1970114  2.27256147 2.15047599 2.35551541]
 [2.50675473 2.50675473 2.50675473 2.50675473]]
optimal policy:
[3, 1, 1, 2, 2, 3, 3, 1, 2, 2, 1, 3, 3, 3, 3, 1, 3, 3, 3, 3, 0]

*** GridWorld2room_9_9, gamma=0.85 ***
optimal Q:
[[0.06712405 0.07659416 0.06590445 0.07714335]
 [0.0811735  0.09398445 0.07054364 0.09437393]
 [0.09796019 0.11499127 0.08629464 0.11026217]
 [0.10720933 0.13147177 0.103329   0.10086051]
 [0.08838996 0.10598715 0.10611799 0.08079083]
 [0.07107254 0.08334778 0.08534379 0.06452773]
 [0.0586669  0.06720753 0.06848104 0.05952358]
 [0.07185083 0.090822   0.07754181 0.09320738]
 [0.08722158 0.11391587 0.08303388 0.11601181]
 [0.10634377 0.14365572 0.10327696 0.14101379]
 [0.11565464 0.17223977 0.12659666 0.1283883 ]
 [0.09543853 0.13575969 0.13484208 0.10012474]
 [0.0760426  0.10464598 0.10609413 0.07808759]
 [0.06264728 0.08283358 0.08297457 0.07161343]
 [0.08626928 0.09577034 0.09029418 0.10925974]
 [0.10688641 0.12076975 0.09708046 0.1393741 ]
 [0.13392666 0.15420753 0.12346379 0.17769356]
 [0.15081776 0.22644498 0.16005936 0.16647035]
 [0.12231814 0.14504212 0.17393049 0.1212075 ]
 [0.09492734 0.11125548 0.13360575 0.09311802]
 [0.07658026 0.08822593 0.1026745  0.08565482]
 [0.21045588 0.29903104 0.24897984 0.25910272]
 [0.17953662 0.19761779 0.17551178 0.20545147]
 [0.21807161 0.24282907 0.18802972 0.25213154]
 [0.2666026  0.3003611  0.23098842 0.3081028 ]
 [0.2799948  0.37105169 0.273446   0.37495475]
 [0.39880182 0.45657294 0.34534674 0.46096538]
 [0.48173998 0.55800154 0.42293579 0.55203043]
 [0.55824369 0.663222   0.51000031 0.58460574]
 [0.18862095 0.22140688 0.19743639 0.23573291]
 [0.2299099  0.27565761 0.21144684 0.29362487]
 [0.28270457 0.3465444  0.26314692 0.36472797]
 [0.34625414 0.43533667 0.32651063 0.45180637]
 [0.42623168 0.54661072 0.4047524  0.55800154]
 [0.51858196 0.68616819 0.49942925 0.68616819]
 [0.60077296 0.83973265 0.61274289 0.73137724]
 [0.21426126 0.22896601 0.21785805 0.26037364]
 [0.26494265 0.28593289 0.23410169 0.32882688]
 [0.33121882 0.36130016 0.2951862  0.41521517]
 [0.41332556 0.45662184 0.3719344  0.524524  ]
 [0.51492284 0.57753075 0.46854689 0.663222  ]
 [0.64005257 0.73137724 0.59033585 0.83973265]
 [1.06509273 1.06509273 1.06509273 1.06509273]]
optimal policy:
[3, 3, 1, 1, 2, 2, 2, 3, 3, 1, 1, 1, 2, 2, 3, 3, 3, 1, 2, 2, 2, 1, 3, 3, 3, 3, 3, 1, 1, 3, 3, 3, 3, 3, 1, 1, 3, 3, 3, 3, 3, 3, 0]

*** GridWorld2room_11_11, gamma: 0.85 ***
optimal Q:
[[0.02944987 0.0335493  0.0289296  0.03375634]
 [0.03546576 0.04073212 0.03089744 0.04103281]
 [0.04291707 0.04969966 0.0376036  0.04936982]
 [0.05068002 0.05945778 0.04544237 0.055625  ]
 [0.05365155 0.06512497 0.05293079 0.05074988]
 [0.04488865 0.05362203 0.05312139 0.04118378]
 [0.03634836 0.0425356  0.04344165 0.0330478 ]
 [0.02926162 0.03368575 0.03505876 0.02640723]
 [0.02410433 0.02760269 0.02818572 0.02444949]
 [0.03144015 0.04050632 0.03404038 0.04060168]
 [0.03792599 0.04961017 0.0362993  0.0498513 ]
 [0.04609296 0.06107517 0.04454173 0.06075644]
 [0.05481004 0.0742046  0.05438893 0.07047576]
 [0.05778966 0.08442819 0.06464748 0.06415535]
 [0.04835716 0.06827834 0.06680139 0.05085622]
 [0.03886565 0.05372312 0.0538021  0.04008987]
 [0.03112365 0.04221577 0.04244957 0.0318712 ]
 [0.02568298 0.03400777 0.03352331 0.02941289]
 [0.0379584  0.04710235 0.04089459 0.04891585]
 [0.04617483 0.05857487 0.04374891 0.06061559]
 [0.05672039 0.0735683  0.05422872 0.07485565]
 [0.06884032 0.09208965 0.06694358 0.09043643]
 [0.0745771  0.11001976 0.08146349 0.08254853]
 [0.06172271 0.08710751 0.08652832 0.06471267]
 [0.04858405 0.06759842 0.06835259 0.05059562]
 [0.0382088  0.0524845  0.05360927 0.03955096]
 [0.03140765 0.04183804 0.0420608  0.03634946]
 [0.04507638 0.04925358 0.04666189 0.05592055]
 [0.05553496 0.06151718 0.05006428 0.07066859]
 [0.06919474 0.07784304 0.06308634 0.08942646]
 [0.08605857 0.09869109 0.07951988 0.11342864]
 [0.09656119 0.14430924 0.10238044 0.1064363 ]
 [0.07874556 0.09294256 0.11107157 0.07804391]
 [0.06147044 0.07181459 0.08576137 0.06042424]
 [0.04797104 0.05557875 0.06637383 0.04681327]
 [0.03880753 0.04441149 0.05143437 0.04316768]
 [0.13410707 0.1907686  0.15858556 0.16506116]
 [0.09435457 0.10436472 0.09236259 0.10775657]
 [0.11411139 0.1273747  0.09874856 0.13187009]
 [0.13938826 0.15692359 0.12080288 0.1612641 ]
 [0.17009881 0.19318317 0.14767774 0.19695236]
 [0.1785393  0.23797491 0.17449825 0.24002587]
 [0.25542069 0.2924066  0.22067784 0.29589876]
 [0.31048856 0.35813501 0.27098901 0.35937353]
 [0.37375804 0.43513557 0.32930788 0.42364485]
 [0.42583008 0.50591163 0.39413226 0.44546157]
 [0.09929527 0.12058221 0.10476934 0.12470525]
 [0.12037123 0.14880685 0.11195395 0.15433464]
 [0.14764703 0.18548707 0.13831163 0.19091446]
 [0.18094852 0.23097967 0.17082056 0.23588406]
 [0.22142683 0.28706077 0.21077485 0.29091239]
 [0.27282608 0.35572025 0.26014111 0.35801056]
 [0.33274092 0.4392637  0.31982809 0.43933296]
 [0.40262655 0.53812965 0.39207617 0.52731973]
 [0.45854754 0.64031527 0.47566596 0.55732058]
 [0.11491743 0.13344188 0.12028037 0.14379608]
 [0.14082953 0.16625717 0.12892991 0.17999474]
 [0.17477288 0.20962145 0.1611383  0.22517371]
 [0.2167007  0.26431642 0.20136331 0.28123541]
 [0.2682184  0.33307572 0.251352   0.35036226]
 [0.33117894 0.41930655 0.31310478 0.4350593 ]
 [0.40755838 0.52731587 0.38889494 0.53812965]
 [0.49997722 0.66254457 0.4813981  0.66254457]
 [0.57984654 0.81104441 0.59143544 0.70629983]
 [0.1299019  0.13714955 0.13081876 0.15605336]
 [0.16099689 0.17125221 0.14067707 0.19730413]
 [0.2021681  0.21671196 0.17753226 0.24966075]
 [0.25374039 0.27440933 0.22424923 0.31596579]
 [0.31803297 0.34750091 0.28330851 0.39982468]
 [0.3978206  0.44003994 0.35778571 0.50590679]
 [0.49643917 0.55732033 0.45158685 0.64031527]
 [0.61785806 0.70629983 0.56973891 0.81104441]
 [1.02857822 1.02857822 1.02857822 1.02857822]]
optimal policy:
[3, 3, 1, 1, 1, 1, 2, 2, 2, 3, 3, 1, 1, 1, 1, 2, 2, 1, 3, 3, 3, 1, 1, 1, 2, 2, 2, 3, 3, 3, 3, 1, 2, 2, 2, 2, 1, 3, 3, 3, 3, 3, 3, 3, 1, 1, 3, 3, 3, 3, 3, 3, 3, 1, 1, 3, 3, 3, 3, 3, 3, 3, 1, 1, 3, 3, 3, 3, 3, 3, 3, 3, 0]

*** GridWorld2room_11_11, gamma: 0.98 ***
optimal Q:
[[1.68951915 1.71732136 1.68595934 1.718851  ]
 [1.72948029 1.76016631 1.69894121 1.76217238]
 [1.77197469 1.80592731 1.74179687 1.80393911]
 [1.80908815 1.8471207  1.78426451 1.82812889]
 [1.81783809 1.86354783 1.81800277 1.80175829]
 [1.77472386 1.81582114 1.81484424 1.75346023]
 [1.72723402 1.76113855 1.76720208 1.70486215]
 [1.68038965 1.70862398 1.71928312 1.65752916]
 [1.64087225 1.66696725 1.67246907 1.64333874]
 [1.70201114 1.75919369 1.72025161 1.75938483]
 [1.74303758 1.80574477 1.73387181 1.80691294]
 [1.78706181 1.85543201 1.78028333 1.85370555]
 [1.82657354 1.90257422 1.82690476 1.88686548]
 [1.83584744 1.93019371 1.86673413 1.85911284]
 [1.79129378 1.87574175 1.8701408  1.80190594]
 [1.74124702 1.81588849 1.81663461 1.74608738]
 [1.69254823 1.75841654 1.76044689 1.69518442]
 [1.65223919 1.71051155 1.70718932 1.67959706]
 [1.7429331  1.79348919 1.76120465 1.8022214 ]
 [1.78769988 1.84505289 1.7761351  1.85360157]
 [1.83626952 1.90125899 1.82663228 1.90561507]
 [1.8827075  1.95793294 1.87754635 1.95163742]
 [1.90042981 2.00110485 1.92525271 1.92373729]
 [1.85090025 1.93894788 1.9370209  1.86129785]
 [1.79221368 1.8731315  1.87602984 1.80048319]
 [1.73608605 1.80999537 1.8153163  1.74241322]
 [1.69259219 1.75724682 1.75742283 1.72510336]
 [1.78221997 1.80339573 1.79128159 1.83309665]
 [1.83126934 1.85660116 1.80733393 1.89053697]
 [1.88467728 1.91524916 1.86321504 1.95018989]
 [1.93902624 1.97628357 1.92103434 2.01225282]
 [1.96863328 2.07697128 1.98449709 1.99129704]
 [1.91313284 1.95782978 2.00411483 1.91157978]
 [1.84977699 1.88995786 1.9346143  1.8459904 ]
 [1.78884175 1.82511709 1.86820616 1.78329845]
 [1.73901393 1.7714912  1.80477325 1.76497829]
 [2.05860004 2.15904277 2.10742334 2.11890251]
 [1.97406121 1.99847922 1.96890801 2.00792952]
 [2.02281662 2.04998593 1.98467135 2.06075069]
 [2.07535646 2.10556193 2.03690965 2.11431458]
 [2.12855476 2.16212727 2.08988857 2.16855354]
 [2.13894144 2.22042612 2.13471473 2.22338504]
 [2.24182358 2.27966495 2.19909306 2.2842197 ]
 [2.29793088 2.33956176 2.25789821 2.34115134]
 [2.3526495  2.39862177 2.31423275 2.39044228]
 [2.39205571 2.44456535 2.36773552 2.40525961]
 [1.98507633 2.03419856 1.99893181 2.04352797]
 [2.03483201 2.08959897 2.01533621 2.10035702]
 [2.08871483 2.14962718 2.07102605 2.15834354]
 [2.14340816 2.21096209 2.1278028  2.21748733]
 [2.19886509 2.27353215 2.18564972 2.27780974]
 [2.25875636 2.33717111 2.24531812 2.33937116]
 [2.31631615 2.40172098 2.30543891 2.40182567]
 [2.37328726 2.46562457 2.36640525 2.4587924 ]
 [2.4139995  2.52109822 2.42588823 2.47618844]
 [2.02066055 2.05933599 2.03324633 2.079542  ]
 [2.07420273 2.1180533  2.05080991 2.14058581]
 [2.13246879 2.18217884 2.11068033 2.20310133]
 [2.1919323  2.2482645  2.17199445 2.26701525]
 [2.25256613 2.31636148 2.2347005  2.33220998]
 [2.31434806 2.3865188  2.29871657 2.39850433]
 [2.37695118 2.45878549 2.3638542  2.46562457]
 [2.44055298 2.53320242 2.42996447 2.53320242]
 [2.48919954 2.60066639 2.49542888 2.55445234]
 [2.05180877 2.06578    2.05415429 2.09990833]
 [2.10912039 2.12537332 2.07262252 2.16427634]
 [2.17175367 2.19075685 2.13578937 2.23079886]
 [2.23602948 2.25838025 2.20098688 2.29959064]
 [2.3019084  2.32837813 2.26829778 2.37078808]
 [2.36931625 2.40091361 2.33781488 2.44455632]
 [2.43812755 2.47618791 2.40964355 2.52109822]
 [2.50816794 2.55445234 2.48390989 2.60066639]
 [2.6835763  2.6835763  2.6835763  2.6835763 ]]
optimal policy:
[3, 3, 1, 1, 1, 1, 2, 2, 2, 3, 3, 1, 1, 1, 1, 2, 2, 1, 3, 3, 3, 1, 1, 1, 2, 2, 2, 3, 3, 3, 3, 1, 2, 2, 2, 2, 1, 3, 3, 3, 3, 3, 3, 3, 1, 1, 3, 3, 3, 3, 3, 3, 3, 1, 1, 3, 3, 3, 3, 3, 3, 3, 3, 1, 3, 3, 3, 3, 3, 3, 3, 3, 0]

*** GridWorld2room_11_11, gamma: 0.99 ***
optimal Q:
[[3.82092849 3.85207029 3.81693859 3.85379365]
 [3.86562306 3.89959757 3.8314511  3.90183989]
 [3.91259779 3.94976196 3.87925335 3.94754326]
 [3.95305426 3.99425334 3.92602316 3.97342755]
 [3.96209275 4.01137208 3.96263262 3.94431581]
 [3.91481323 3.95969527 3.95877103 3.89124687]
 [3.86227597 3.89972947 3.90653302 3.83715627]
 [3.80975012 3.84130536 3.85340785 3.78373383]
 [3.76492063 3.79443146 3.80078921 3.76769726]
 [3.83484152 3.89855528 3.8553211  3.89873138]
 [3.88057869 3.94959122 3.87044967 3.95086516]
 [3.92905887 4.00338983 3.92172276 4.00148486]
 [3.97198121 4.05370353 3.97254632 4.03669711]
 [3.98164042 4.08248205 4.01529123 4.00655021]
 [3.93293959 4.02446001 4.01845965 3.94443977]
 [3.87778455 3.95972187 3.96057846 3.88295877]
 [3.82337048 3.89660963 3.89894215 3.82608934]
 [3.77774336 3.84337347 3.83965623 3.80864777]
 [3.88043595 3.93621263 3.90076354 3.94573278]
 [3.92978387 3.99219946 3.91716861 4.001425  ]
 [3.98264049 4.05239871 3.9722967  4.05702143]
 [4.03246751 4.11217843 4.02710091 4.10541734]
 [4.05108689 4.15688627 4.07768527 4.075626  ]
 [3.99780064 4.09175909 4.08971699 4.00889725]
 [3.93392724 4.02165009 4.02476857 3.94285563]
 [3.87191732 3.95327059 3.95909209 3.87880207]
 [3.82321085 3.89539783 3.89549372 3.85966999]
 [3.92378736 3.94699208 3.93379762 3.97921719]
 [3.97724023 4.0046178  3.95129202 4.04093078]
 [4.03464738 4.06723882 4.01176355 4.10405075]
 [4.09222996 4.13141763 4.07339523 4.16872607]
 [4.1232203  4.23515015 4.13987866 4.14665239]
 [4.06449574 4.11181579 4.16004176 4.06289388]
 [3.99657794 4.03981698 4.0871624  3.99251489]
 [3.93018802 3.96985739 4.01633496 3.92410973]
 [3.87509643 3.91116413 3.94753947 3.90398616]
 [4.21653852 4.31840063 4.26647868 4.27812007]
 [4.12998386 4.15523449 4.12463083 4.16510344]
 [4.18046585 4.20822051 4.1409541  4.21934103]
 [4.23421598 4.26470527 4.19490167 4.27363829]
 [4.28795323 4.32144746 4.24891195 4.32792958]
 [4.2981863  4.37918799 4.29408779 4.38213692]
 [4.40029855 4.43711782 4.35815458 4.44162615]
 [4.45489164 4.49494679 4.41595982 4.49651454]
 [4.50751061 4.55126126 4.47057392 4.54350993]
 [4.54504433 4.59454648 4.52186195 4.5575159 ]
 [4.14130636 4.19193025 4.15566355 4.20153998]
 [4.192693   4.24842567 4.1725678  4.25939088]
 [4.24764941 4.30886933 4.22964599 4.31763426]
 [4.30271796 4.36978671 4.28706395 4.37626174]
 [4.35785218 4.43109541 4.34479859 4.43528607]
 [4.41672654 4.49262223 4.40359625 4.49475649]
 [4.47251987 4.5542099  4.46206996 4.55431433]
 [4.52709443 4.61439372 4.52061191 4.60797189]
 [4.56576655 4.6659784  4.57703088 4.62423171]
 [4.1779522  4.2175574  4.19093157 4.23815347]
 [4.23276549 4.27707217 4.20888845 4.29976307]
 [4.29164181 4.34120389 4.26972608 4.36197853]
 [4.35092478 4.40634883 4.3311626  4.4247098 ]
 [4.4105792  4.47251981 4.39312939 4.48782705]
 [4.47057606 4.539724   4.45553087 4.55114395]
 [4.530582   4.60796493 4.51816937 4.61439372]
 [4.59077696 4.67723471 4.58089607 4.67723471]
 [4.63638762 4.73915285 4.6421861  4.6968398 ]
 [4.2098442  4.22407615 4.2122713  4.25869012]
 [4.26806235 4.28439101 4.23104866 4.3233253 ]
 [4.33083215 4.3496636  4.29489107 4.38915232]
 [4.39434073 4.41619026 4.35983032 4.45623873]
 [4.45852429 4.48405404 4.4259082  4.52466661]
 [4.52328629 4.5533578  4.49317184 4.59453734]
 [4.58848312 4.62423117 4.56167473 4.6659784 ]
 [4.6539307  4.6968398  4.63148372 4.73915285]
 [4.81426929 4.81426929 4.81426929 4.81426929]]
optimal policy:
[3, 3, 1, 1, 1, 1, 2, 2, 2, 3, 3, 1, 1, 1, 1, 2, 2, 1, 3, 3, 3, 1, 1, 1, 2, 2, 2, 3, 3, 3, 3, 1, 2, 2, 2, 2, 1, 3, 3, 3, 3, 3, 3, 3, 1, 1, 3, 3, 3, 3, 3, 3, 3, 1, 1, 3, 3, 3, 3, 3, 3, 3, 1, 1, 3, 3, 3, 3, 3, 3, 3, 3, 0]

*** GridWorld4room_9_9, gamma: 0.85 ***
optimal Q:
[[0.06042664 0.06932273 0.059413   0.0693105 ]
 [0.07251094 0.08440944 0.06347641 0.08339114]
 [0.08432828 0.10082242 0.07689716 0.08845632]
 [0.14939765 0.17333648 0.14855722 0.16575475]
 [0.16240764 0.197606   0.15572018 0.15661635]
 [0.14354645 0.16807178 0.16172923 0.14694396]
 [0.06483973 0.08351132 0.07041787 0.08443496]
 [0.07827208 0.10459511 0.07530868 0.10446998]
 [0.09583182 0.09874907 0.08998824 0.12873403]
 [0.14638978 0.14638978 0.11906739 0.16945557]
 [0.15965944 0.213547   0.15223739 0.21036269]
 [0.17439294 0.25668738 0.18872415 0.19558923]
 [0.15497214 0.20927866 0.20298388 0.18092914]
 [0.07885513 0.08863062 0.08336907 0.10101852]
 [0.09035375 0.12899587 0.09160031 0.09881713]
 [0.10407888 0.090502   0.10577204 0.09048873]
 [0.20211253 0.23206126 0.2174978  0.26378906]
 [0.22484258 0.33567166 0.2379034  0.24786204]
 [0.19374496 0.22352617 0.25923948 0.21706697]
 [0.11932063 0.16984528 0.14094959 0.14672383]
 [0.31204247 0.44256463 0.36875365 0.38367047]
 [0.1516958  0.1664799  0.14817307 0.1738124 ]
 [0.15875508 0.21106172 0.15413714 0.21404097]
 [0.2213735  0.26432838 0.19764853 0.23253387]
 [0.40046193 0.45803011 0.39388271 0.45803011]
 [0.41193252 0.55465455 0.40677107 0.54298804]
 [0.55489918 0.65934056 0.50685683 0.58113069]
 [0.16027494 0.15858161 0.16365683 0.1986285 ]
 [0.19863456 0.19806411 0.17561945 0.25765096]
 [0.25099501 0.25095798 0.2260995  0.3363547 ]
 [0.38370519 0.38370519 0.31244754 0.44256463]
 [0.42308216 0.54298804 0.39822899 0.55465455]
 [0.51539192 0.68217101 0.49633146 0.68217101]
 [0.59721619 0.83481432 0.60912334 0.72712362]
 [0.16597876 0.14950134 0.1477823  0.17097177]
 [0.21082768 0.18425766 0.16054622 0.21309187]
 [0.26426679 0.22127488 0.20197875 0.22757501]
 [0.51879299 0.58113069 0.54777487 0.65934056]
 [0.63627741 0.72712362 0.58683376 0.83481432]
 [1.05865048 1.05865048 1.05865048 1.05865048]]
optimal policy:
[1, 1, 1, 1, 1, 1, 3, 1, 3, 3, 1, 1, 1, 3, 1, 2, 3, 1, 2, 1, 1, 3, 3, 1, 1, 1, 1, 3, 3, 3, 3, 3, 1, 1, 3, 3, 0, 3, 3, 0]

*** GridWorld4room_9_9, gamma: 0.96 ***
optimal Q:
[[0.89908057 0.93086702 0.89546607 0.9307941 ]
 [0.9412419  0.97804592 0.90947984 0.97507197]
 [0.97789082 1.02224225 0.95454663 0.98930602]
 [1.13419015 1.17733247 1.13298333 1.16243755]
 [1.15600222 1.21382635 1.14475191 1.14480917]
 [1.1225901  1.16758189 1.15485786 1.1289249 ]
 [0.91370685 0.97570572 0.93438307 0.97818153]
 [0.95809446 1.03283061 0.94977533 1.03226754]
 [1.00729468 1.01690565 0.99470881 1.08826042]
 [1.12749508 1.12749508 1.06745855 1.17044423]
 [1.15152146 1.24153638 1.13853597 1.23579939]
 [1.17695908 1.29987388 1.20173403 1.21107969]
 [1.14297221 1.23453915 1.22310155 1.18965912]
 [0.95998542 0.99019785 0.97526884 1.02315427]
 [0.9959589  1.08929337 0.99751621 1.01718106]
 [1.03194339 0.99720294 1.03654831 0.99714344]
 [1.22249027 1.26936286 1.24850363 1.31128405]
 [1.25741456 1.39672337 1.27583167 1.28675348]
 [1.20951182 1.25608697 1.30384416 1.24674429]
 [1.0685303  1.1717559  1.11695131 1.12874852]
 [1.37171957 1.50714568 1.43634049 1.45181776]
 [1.13938104 1.16475755 1.13294933 1.17888367]
 [1.15010279 1.23771935 1.14306362 1.24292664]
 [1.25511816 1.31258937 1.21724149 1.27062516]
 [1.47012355 1.52160946 1.46423945 1.52160946]
 [1.47751523 1.59820857 1.47474891 1.58882135]
 [1.59889971 1.67080558 1.56045231 1.61746314]
 [1.15314004 1.15024118 1.15952745 1.21664711]
 [1.21728018 1.21686031 1.18024269 1.30213912]
 [1.29289214 1.29286068 1.26031616 1.39809956]
 [1.45189701 1.45189701 1.37264417 1.50714568]
 [1.48854244 1.58882135 1.46605478 1.59820857]
 [1.56601535 1.68671424 1.55222119 1.68671424]
 [1.6286519  1.77779868 1.63683061 1.71508946]
 [1.16401097 1.1357356  1.13228804 1.17456973]
 [1.2374046  1.19719143 1.15418124 1.24230256]
 [1.3125426  1.25503993 1.22338257 1.26401478]
 [1.56867013 1.61746314 1.59332336 1.67080558]
 [1.65387596 1.71508946 1.62165607 1.77779868]
 [1.89274151 1.89274151 1.89274151 1.89274151]]
optimal policy:
[1, 1, 1, 1, 1, 1, 3, 1, 3, 3, 1, 1, 1, 3, 1, 2, 3, 1, 2, 1, 1, 3, 3, 1, 3, 1, 1, 3, 3, 3, 3, 3, 1, 1, 3, 3, 0, 3, 3, 0]









